9.424777960769378793e-02 5.026548245743669430e-01
5.089380098815464493e+00 1.319468914507713198e+00
5.277875658030852790e+00 4.366813788489812609e+00
1.665044106402590485e+00 4.806636759992383823e+00
4.084070449666731273e-01 3.707079331235955788e+00
3.864158963915445444e+00 2.513274122871834493e+00
1.602212253330794534e+00 5.372123437638546051e+00
5.874778262212913660e+00 3.141592653589793394e-02
3.769911184307751517e-01 4.932300466135974837e+00
5.309291584566750544e+00 1.319468914507713198e+00
4.178318229274425200e+00 5.654866776461627609e+00
5.026548245743668986e+00 5.152211951887260000e+00
1.759291886010284189e+00 3.487167845484670625e+00
3.361504139341078723e+00 6.220353454107790725e+00
3.392920065876976476e+00 6.031857894892402427e+00
4.618141200776996413e+00 5.434955290710341558e+00
1.884955592153875759e-01 5.560618996853934348e+00
1.696460032938488238e+00 1.413716694115406902e+00
9.424777960769378238e-01 2.638937829015426395e+00
3.612831551628262527e+00 2.136283004441059674e+00
5.906194188748811413e+00 4.649557127312894167e+00
6.094689747964198823e+00 1.288052987971815000e+00
3.487167845484670625e+00 4.649557127312894167e+00
3.549999698556466132e+00 4.838052686528281576e+00
2.199114857512855237e-01 2.073451151369263723e+00
2.450442269800038542e+00 4.900884539600077083e+00
4.084070449666731273e-01 1.130973355292325566e+00
1.822123739082080141e+00 6.063273821428300181e+00
7.853981633974482790e-01 4.429645641561608116e+00
6.031857894892402427e+00 8.796459430051420947e-01
3.173008580125690870e+00 5.654866776461627609e+00
3.141592653589793116e-01 4.335397861953914855e+00
6.126105674500096576e+00 5.152211951887260000e+00
4.649557127312894167e+00 4.115486376202628804e+00
1.193805208364121295e+00 6.188937527571892083e+00
3.926990816987240951e+00 3.078760800517997165e+00
1.099557428756427591e+00 1.036725575684631862e+00
1.162389281828223542e+00 1.256637061435917357e-01
5.403539364174443804e+00 3.769911184307751517e-01
4.618141200776996413e+00 3.141592653589793394e-02
